518
978
62
436
128
714
678
643
584
968
262
41
171
155
897
144
403
748
701
849
597
731
121
111
940
35
445
209
120
747
283
549
989
618
340
664
629
547
504
711
317
547
67
307
83
90
397
822
860
441
997
924
380
476
103
775
962
911
628
363
801
724
190
735
657
174
853
105
36
812
319
913
608
461
663
445
146
66
148
678
371
458
912
104
506
345
231
146
391
520
88
336
544
441
275
181
300
233
916
55
68
441
963
79
135
429
848
255
482
208
924
672
510
105
298
598
685
265
600
341
247
401
916
75
666
445
323
804
410
94
824
440
96
418
142
522
349
200
771
17
303
488
387
901
947
950
301
531
126
200
167
114
760
769
745
392
890
648
986
698
717
109
231
739
480
906
634
435
257
63
287
248
947
823
175
50
368
954
161
265
67
486
28
375
710
81
69
672
274
727
776
490
723
929
746
677
730
876
34
576
476
147
444
774
131
822
92
580
1047
320
452
35
96
266
727
911
342
86
24
379
7
603
71
615
630
872
124
894
477
528
186
99
561
594
854
774
294
489
22
637
305
533
677
674
621
317
538
816
763
330
250
992
813
698
564
599
65
518
419
762
359
108
631
948
242
662
136
298
306
870
445
165
101
850
311
368
788
986
998
733
270
979
445
334
779
474
797
910
932
788
513
398
411
709
22
643
57
600
734
958
227
214
17
63
943
918
564
237
816
297
287
472
609
745
626
821
710
372
191
508
25
540
55
981
194
824
999
409
754
725
589
775
857
156
800
755
369
29
592
503
619
488
647
992
826
982
713
45
498
374
541
990
70
679
407
484
488
399
753
340
359
1000
942
306
336
161
670
921
620
228
646
750
307
198
526
734
118
205
347
437
258
400
597
137
47
832
778
469
168
990
914
581
933
616
55
364
667
938
585
148
275
458
541
259
599
180
39
895
301
359
425
330
688
856
533
950
154
58
476
269
563
179
758
599
596
162
814
567
444
996
577
164
902
801
876
724
923
926
46
23
220
808
582
588
615
797
165
112
395
916
821
341
977
914
956
932
826
107
126
258
413
836
164
895
569
504
924
706
302
16
245
774
197
155
51
658
186
560
319
767
702
936
416
413
36
419
517
626
303
637
25
722
98
828
240
488
190
556
972
41
