116 121 124 126
42806 56105
8 8 9 9 9 10
3077 3485 3703
7211 9286
68 68 70 75 80 81
759 856
105734 106780 107441 108939 109496
14 15 15 16 16
5 5 6 7
713800 954530
96 104 109 116 118
6779 6876
112 126 129 132 134
679914 716607 788502
10682 10780 10782 12225 12702 12708
641681 860160 868265 899035 954205
43071 62826 83480
1609877 1642750 1725475 1733357 1781612
10 10 11
85 89 102 104
1598750 1630714 1648184 1690070 1715841
143 148
6571 6612 7781 7830 8652
7 7 7 9
9362 9571 9839 11265
1002724 1090970 1134137 1191714
3301 3893 4928
582 701 721 728
1244321 1279717 1324541
5815 5912 6091 6361 6935 7164
52 56 62 62 62 65
143 144 149 150 151
886393 952265 963746 974235
1335483 1466325 1466472
8864 9164 9578 10178 10448 10846
6 8 8
14 14 14 14 15 15
57074 87291
514 569 583 614 658 682
735 859 866 875 881
164 165 170 171 172 175
90 109
1754897 1761125 1779871 1820595
1025 1064 1099
571 1043
106 106 114 115 123 125
2617 3464 3517
66 83
7948 8095 8652 8851 10333 10457
88 93 110 112
9 10 10 11
43 102
62871 91965
7149 8264 8461 9251
102921 106353 112415
256 682
103147 108516 110735 110845
825 844 858 889 892
6 10
338096 407636 651676 719804
9474 9731 10073 10120
1147 1154 1177 1247 1262
37196 42728 65611
5381 6483 7136
1234 1377 1451
325626 386817 419383
61395 72737 98523
812659 861106 912372 916303 926206 973943
73 82 84
182122 319300 370392
884 959 1038 1064
4772 5216 7940
116 121 133 136
8543 8602 9635
14494 14804 15334 15364 15732 15962
1087099 1125953 1148198 1162951 1184127 1200376
94928 96767 103964 109072
940848 965461 966481 1009540 1088836 1092505
125 130 133 134
35 37 39 52
123 123 125 127 131 134
4553 6172
7 7 9 10
40485 74131
61 65 70
70 71 73 80
105 111 127
9 9 9 9 11 11
906 912 948 962 970 1010
32781 38761 38781 43849 46484 47984
10527 11587 11845
1457 1483 1562 1563 1608 1609
58 65 67 71 89
14 14 15 15 16 16
9698 9848 9861 10451 10715 11225
63 64 66 85
102 119
773379 774766 797680 816145 841166 848070
134 137 143 145
90 95 96 96 97 97
1163310 1173781 1280506
953728 1021248 1025972
112 117 126 128 129 131
116495 122377 124101 128184 133167
728 1111
666 711 829
80 84 89 90 92
1043497 1044404 1045344 1066609 1090448 1103992
9 9 9 9 10 10
57 58 61
65 75 77 83 84
65 77 84 92
12 14
253722 259228 281789 404336 451423
4846 7218 7295
9878 12291 13513
670 673 882
81865 94387 108968
88526 98416 101496 112475
103 128
32 50 81
264581 338527 439564
668 701 703 759 773
32 80
6 6 7 7 7
338374 356357
122 124
80229 87617 98162
59605 64123 73098 79229
4 5 6
95 102 107 114
68083 69078 75202 77639 77662
453 554 620 709 760
103 104 112 122
39 48 67
710 714 829
9217 9849 11058 12745
63087 66083 68701 72982 79508
1415319 1421964 1563816
215075 443120 627500
10 10 10 11 11 12
10 10 10 11
893517 1019636 1031708 1056060 1064110
44 46 55 57
152 156 158 158 159 159
407 713
103961 105504 119760 120788 125451 126977
11 11 11
10 10 11 11
4 9
7 7 7 8
1039197 1083237 1093868 1112782 1129347 1133200
2620 3141 4103
1276 1327
259031 287177
113605 115802 127018 128287 129457 131673
85418 89243 98389
58 66 76 85
107 120 126
466 486 577 585 608
37 47
611 1253
43 44 49 57 60
45175 45967 57580
951125 957884 1027870 1031327 1034404
4279 4326 4465 5378 6220
75657 108431
12 12 12 13 13 13
76665 81556 81764 85598
690 696 837
37 47 50
96976 97346 105634 108721 110334
18 18 19 19 20
8093 8648 10089 10731
1179 1184 1382
19620 57301
7044 8482 9465
56233 88887
1041093 1254397
1528999 1634499
48 71
10 10 10 12 12 12
51890 56338 57046 72715
10 11 12
10 10 10 10 11 12
848823 1071658
13922 15013
11 13
92157 97936 106049
7925 9306 9647
696 705 748 857 863
631 646 654 656 672
369232 424509 552273 667982
94 102 102 104 105
325254 648331
140394 141687 142937 143442 145806 149176
764 766 790 795 817 885
1414156 1483001 1506676 1638318
754716 765887 801594 801746 908129 970737
9330 12897
12 12 13 13 14
1180324 1181279 1422255
11744 12386 12592 12975 13399 13676
9986 10977 11188
1608422 1664526 1665310 1683816 1684190 1685363
77477 77566 79783 82890
1238423 1362197
715872 781794 787271 792953 811765 827427
1131 1233
132757 135496 136638 141911
1132 1233
16818 18946 21117 21306 23105 23532
98 133
104741 113806 114543 114860 117863 119185
16538 17239 17544 18509
532 550 565
720118 724448 729513 771568 790915 806418
8 8 8 9 9 9
7 10
34429 34549 38352 51990 52142
9979 10720
854161 854167 1081778
632 651 704 823
68 72 74
1425 1437
25 25 25 26 26 26
32 48 51 58 62
100 102 107 112 117
1094146 1118965 1125850 1138740
886 923 971 1010 1074 1078
876 918 923 1103 1109
79413 103148
12861 13252
5663 6031 6288 6394 6491
150682 152461 153288 153413 155581
625331 683756 684265 697311 708398 710522
12 12 12 12 12 12
1145 1149
790 804 895 1000
91 92 98 101 104
303372 323221 333119 395414 403408 449474
15 16 16 16
9 10 10
954704 1062240 1082077 1102442 1152768
7822 7938 8062 8206 8235 8567
453 685
8290 8509 8553 8628 9085
97763 99510 107018 115215
52810 55190 66163 70267 78652
8644 8973 9046 9428 10262 10868
30314 62655 65758
70 72 85 86 88
71442 72486 73748 74858 79704 83430
81 86 88 95 95 96
8 8 13
425 548 623
966 2463
1036 1139 1157 1159 1184 1212
770385 807442 849206
557359 588670 610182 663378 687450 717472
576 588 655
922029 938448 991074 1008662 1044409
64133 105001
1050 1099 1103 1140
1085 1216
8 10 10
55713 96863 101213
577533 661362 682967 829455
29778 80279 90584
987 1020 1034
519856 564044 574584 604131 614338 652136
1447235 1517132 1545249 1551082 1607615 1608340
1061 1066 1111 1142 1151 1182
362 383 385 398 428 428
552989 563425 626801 636657 644872 656418
10 10 11 11
2825 8827
90206 94047 95807 102033 105219 110450
135 144 151 153 161
8 9 10 12
970 1018 1023 1065
728 743 761 769 783
850 1024
21 21 21 21
157452 159501 159695 161465 164540
6001 6472 6567 6818 7871
5257 5885 6257 6939 7489
505645 564037
21698 30986 34143 35539
46309 61118
8 10 10 11
48075 50177 53957 54136 55659
10 10 11 11 11 11
1318 1344 1362 1410 1416 1428
63 71 72 76 84
1248037 1272591 1352325 1424593 1427661 1442408
122 126 129 136
15 15 15 15 15 16
1024559 1045067 1086621 1105520 1170410
301462 314122 442005 471415 498759
871 952 954 963 977 1020
1173 1298 1318
346144 370358
6 6 7 7
869644 883349 908284 964243
768 866
100314 104990 105774
8 8 8 8 8 9
1235168 1266958 1302223 1331443 1359201
119 127 128 134
12 12 12 12 13 14
16 16 16 16
71890 87692
919 926 980 1015 1019 1067
58505 75091 77795
717 859
491591 493519 535806 537190 586678
729 758 772 772 829
658640 976917
37927 75859
1131323 1207517 1231043
78 78 80 80 83 85
4 10
1031 1063 1210 1257 1283
899091 1018885 1079152 1089495
145224 146814 148617
33501 56504 56565
116 127 131 135
1365 1414 1533
11760 12136 13653 13809
28466 32386 41278 57501
773 1005
9 10 11
1060707 1118265 1128036 1163927 1202651 1240215
98389 99132
127 129 131 137 139 140
6 6 6 8 10
42938 48357 49479 50547 56698 65357
13 13 14 14 14
78694 99218
10 10 11 11 11 12
4522 4523 4878 5407
498747 546015 607444 712379 776191
12 12 13 13 13 14
121607 124352 126563 130814
942 1038 1038
8 10
80553 87447 88652 96221 97890
341282 506945
113357 115482
11 11 12 12 12
641 674 799
275390 318227 393117 428102 481488
3 5
264270 446261
122 126 137 137
9 9
598 616 641 644 692 710
7197 9006
22 22 22 23 23
9 9 10 10 10
553923 602680 603743 688680
31 42 46 61
46 91 100
46 48 48 52 53 56
581 597 727 762 879
127657 134464
1861 3849
79895 82691 84465 85838 87027 93661
34 86
979 982 1022 1035 1036 1042
55 58 65 71 78 89
888 904 928 943 963 1007
13 14 14 14 15 15
915 937 962 1098 1101
1024701 1237246 1289313
1267320 1294253 1385414 1418840
71930 88044 91414
89 92 93 94 94 99
1347853 1425021 1565712 1681889
14485 14574 16475
109 111 113 118 118 121
119860 120763 124780 133307 141412 143423
42612 71049
298876 438615
73511 84078 89068 89956 92226 95688
15 15 16 16 16 16
7 8
13 13 13 13 14 14
11761 11909 11977 11986 12229 12317
96698 98884 105328
1317 1358 1365 1387
1405736 1465819 1496500
8044 9080 9157 9795 9802 9867
6998 7412 8191 8223 8555
105259 108879 110071 111118 114228
1167228 1275865 1279079
5 11
6903 7759 8127 8229 8361 8567
109616 122535 125690
105311 115147
87756 97211 98294 104236
15 15 15 15 16 16
62592 89827
73 80
118 118 123 126
12 13 13
14649 16538 38266 38385
18 19 19 19 20
4 4 4 4
91 108 110
101 102 115 124
1157 1208 1355
9 13
553 659 666 684 759
931048 1082135
137 142 142 143 147 148
48 56
5799 10534 11468
517089 518025 574685 612844
104 105 105 108 109 109
10050 10938
642 704 705 712 715
47 63 69
55533 61831 66535 72138 73330
4462 4685 5239 5251 5523 6316
116 116 119 120 121 122
613 636 657 667 673 692
6 11
36 62
12 12 12
837304 859049 909809 935129 937089 938681
548200 552336 734351 793395
536799 585313 684321
64019 64584 66900 83605
14 15 16 16 16
92 95 98 109 114 119
5057 5059 5781 6065 6578
960501 968293 986204 999443
61 65 73 73
8 8 9 9 9 10
4915 5477 5520
12191 12240 12702 12773 12816 12840
7 8 9
625 928 948
111 117
119068 119417 119463 123176 125774
4202 4403 4762 5289 5352
8424 8701 8949 9337 10273
8 9 9 9 9
127836 131186 136414 136826 157543
6969 7427
406688 460049 495724 497404
7584 8337 8551 9234
914 922 934 1029
91 92 93 93
129 134
9092 9179 9202 9279 9322 9683
8 9 9 11
4 11
58260 58488 79593
93739 96206 101556 104535
976222 987518 1145507 1244394
44 83
12 12 12 13 13
5 6 7
871577 874139 880372 926249 939521 1004088
651620 693125 717284 785733 810030 833457
148 148 148 150 154 155
1282384 1298518 1391374 1393950
120281 121452 126401 127474 138701 141817
1127213 1130129 1157816
592861 686215 692670 902858
494913 528139 534002 613142 739738
16 18 19
87300 88288 94444 97128 100403
7 9
39180 98207
702 735 737 814 816 857
96 105
1000 1057 1149 1164
6199 6467 6987 7078 7750
582 593 692 717 781
18 18 19 19 19 20
551 719 780
7904 8553 8572 8807 9168 9968
6558 6843 8361
6 7 7 8 8
5756 6209 6561 6957 7199 8234
92 103 105 106 124 125
65396 66557 80476 88516
10881 11126 11862
54 55 56 57 61 66
14217 14300 14304 14760 15082 15564
25888 32455 33379 42503
10024 10342 11348
72 76 77 78 79 80
44242 48056 50285 57731
801 849 892 894 898 907
1043122 1103647 1123256
86 88 90 91 100
72 73 74 74 76 76
10395 13594 14198
6 6 7
9071 9309 9447 9960
367886 473760 646467
104735 109445 109679 111837 112173
8480 8614 9530 9808
10 10 10
1110 1123 1272 1334
922818 1020413
2167 2434 2643 2907 3343
960 977 992 1018 1027 1038
10 11
112 137
385450 414306 452227 475023
724 747
196 223 381
6 6
526 532 564 597 616
102 103 104
996235 1027531 1033686 1047976 1050560 1052979
40 43 47 47 51 56
133331 136840 136960 138776 144478 146233
358 433 504 578
79 116
1156 1183 1207 1225 1234
124 132 140 148
14 14 14 14 14 14
272596 308451 492064 555043
1308873 1328453 1338132 1363500 1431633 1459770
59 60 69 84
47574 51548 55863
7909 11236
27 54
85 93 93 94 97
8309 10524
7906 7937 8339 8685 8955
1043 1145 1225
69917 70279 73727 76334
935028 1045600 1070633 1130869
986443 991113 998370 1001597 1070554 1132506
66 70
1414 1422 1422 1446 1456 1471
9 9
753 870 895 921
598 616 643 678 704 743
127456 128193 133148 133578
96 100 118
7 7 8
9 10 10 10 10 10
81864 112932
634291 673429 689324
803 872 885 948
5418 5739 6287 6489 6739 7269
600805 617313 659717 659808 672991 758257
769118 873781
79 80 81 82 84 87
13 13 13 14 14
67 75 75 77 80 82
49267 50046 50417 50803 62594
58 83 98 100
317 706
15 15 15 15 16
4609 5298 6069
63000 68830 71495 78450 83557
54468 57439 59750 64035 69422
5795 6270
436160 482682 487775 590914
766471 1264920
751 814 875 877
611 666 688 718 721
91 103
2 9
133109 138469 138863 144900 149096
8456 8599 9510 9807
397 442 471 565 648
9909 9956 10658 11113 11344
14 43
93133 93769 96174 98987 103351
13 13 14
129 136
112 120 140
349 380
314721 352634 374010 431737 454583 530952
800 849 950 988 1008
1142 1179 1232 1327
11 11 12
19 19 21
8481 8951 9228 9279 9347
13 13 13 13 13 13
533 576
7929 8748 8796 9934
640 656 706 731
1471 1538 1557 1571 1655
64 94
33 70
1273012 1419250
14 14 14 14 15 15
8 9
6 9
744 1144 1211
78 79 82 83 85 87
56 70
87048 88899 89008 96738 100051 111022
826 1147
4 9
7185 7259 7419 9150 10228
36 83
50 82
6 7
2161 3286 3634 5818
61419 93169
13 13 14 15
1035 1146 1382
852 857 1012
716769 804588 811780 812606 841987 851342
6802 7085 8091
94957 95112 96202 97766 99821
760792 760801 805133 852663 860144 864256
55 58
828 874 882 890 891 898
15118 15261 15475
1713 1742
992 1088 1097 1116 1164 1203
10 12 13 13
531 658 702 717 815 824
735 745 845 875 877
151 160 163 168
388 412 444 459 476 483
71379 77639 82627 83505
1139 1217 1224 1431
136 146 147
6730 6747 7216 7475 8024 8165
3098 3529 3663 3807 4887
98 104 105 107
71 89 98
12273 12438 12477 12546 12796 12847
58012 62467 67476 67502 77518
57576 71200 79830 81322
61478 72054 72319 72628 79875
334692 797173
568 581 624
4977 5252 6111 6299 6363
6 8
101 102 105 107 114
754888 784311 868911 931046
70067 73087 76976 78175
127207 131234 141753 144550
941686 948235 954567 983202 1013053
99978 101329 105345 105473 105702 106753
121 128
55448 60255 60424
3176 8275
8487 8710 10044 10309
921 943 989 1008 1018 1020
93315 104378
1009 1094 1143
11 11 11 11 11 11
111 125
6 6
10875 11615 11682 12204
56 62
492644 495081 532304 552968 562588 573006
8007 8133 8890 9416 9779
6754 7040 7870 8660 8691
853 877 883 1002 1068 1139
69664 70298 70529 80304 80452 82644
8364 8411 9030 9568 9588 9606
25 103
95 96 105 124
811 932 939 1088
997 1321
12880 13564 13657 14191 14509
51878 58684 67175
16 16 16 17 17 17
9 9 9 10 10
9 10 10 11
151787 153081 153115 154754 157014
76623 98020 109351
7351 8027
988 1215
91940 110163 119262
667 679 769
1252538 1272209 1295998 1303835 1358639
342 402
1505331 1548899
30 31
306 429 589
11643 11941 12198 12442 12660
625308 751522
416 755
1083 1718
7380 7854 9383 9756 9943 10204
80 86 88 106
889 923 926 972 999 1007
6621 7675 7810
7 8 8 9
131 134 145 145
279 281 401 441
13 13 13 14 14 14
59 68 69
6 7 8 8
1159 1180
1011 1076 1133
6419 8956 9041 9242 9427
98322 98375 98886
103331 104728 106751 109358
620295 622503 629590 714305 721527
1026 1206 1268 1300 1333
8009 8521
7 11
6168 9418
38 52 66 67
3055 3961 4647 4906
146 147 156
740081 789323 820041 836813 849034 852379
10 10 10 10 10 11
133675 134293 137730 140009 144257 148710
899880 975970 1002101 1014724 1023863 1030471
11210 11420 11897 12035 12124
62832 71182
1410680 1428160 1479471 1560974 1583926
5427 6780 7072
10408 11543 11866
15 15 15 16 16 17
9 9 9 11
12 13 13
79 85 89 92 92 93
12 13
893226 894526 912465 937192 942472 1010220
8 8 8 9 9 11
9586 9868 10087 10122
11297 11314 11389 11574 11766 12015
91931 92315 99450 101979 107967
1263 1277 1410 1564
1605 1638 1669 1694 1707 1724
1132051 1167751 1267605 1324926
1029 1052 1175 1195
924 995
10 10 11 11 12
10 11 12
104 110
6795 7859 8065 8795 8913 9169
61140 67526 72967 74911
960 995 1025 1108
479659 725278 733344
803115 854181 949778
95 101 106 109 111
8 8 9 11
108657 114226 123847
624 658 807 815
13875 13928 14200 14588 14609 14720
74 76 83 95 96
869895 1196074
66570 68246 72971 74202 83240
6074 6740 7030 7163 7330 7488
76046 82304 85815 92205 94847
8 8 9 10 10
70 76 78 81 83
15 15 15 15 15 16
8021 8645 9147
810 879 885 945 963
581 647
127781 130367 131357
30918 54703
10 11 11 11 11 12
8 9 10
1058 1440
10 11 11 12 12 13
621539 648858 742003 750987 810269 818850
566974 679111 980260
9739 10053 10093 10880 10901 10995
6118 7379 8072 8149
76 81 92 114
91 92 94 94 95 98
1142 1146 1170 1255 1315
11342 12319 12867 13563
7217 7594 7714 8086 8137 8523
10 10 10
844698 1031853 1099024
290 507
12 12 13 14
6660 7251 9111 10203
856 873 933 938 960
7721 26645 39321
12 12 12 12 13 13
7419 7809 9507 10322
14 14 14 15 15 15
51 60 60 61
1092 1097 1103 1151 1184 1186
17 17 18 19
32519 32756 42863 50294
482417 509300 545165 614121 643073 647201
17 17
74217 99165 100502
138 139
9 9 11 11 11
696 709
459 723
900 1000 1031 1167
7939 9368 10060 10155 10330
1249 1250 1250 1296 1299 1385
959 1021 1034 1070 1083 1108
817676 821176 972537 1004159 1028248 1039851
60 73 74 78 78 80
10 11 11
119 120 121 123 125 127
5 5
893 904 939 975 983 994
112074 112319 114009 116967 119843 122571
88 93 95 103 103
14 14
9836 10494 10567 10670 10726 11702
3499 5986
74 85 89 91
10349 10491 10756 10819 11164 11258
646826 889671 893644 1026997
566203 730752 731759 816967
10 11 11 11 11
65 67 120
168495 170322 172291 175057 175313 175485
959 1054 1073 1193
96343 97774 101136 101458 105659 108577
1204 1456 1472 1498 1606
3358 3722 4366 4821 5361
686221 713118
10 10 11 11 12
1057237 1067370 1133653 1218751 1220167 1239069
12939 13004 13235 13562 14080 14131
7511 8165 8471 9071 9193
77138 80068 84303 90318 108847
196664 334725 408823
77169 84699 88241 95064 101755
66735 67751
825611 1065665 1095839 1109117
92726 106092 115377
868998 1040269
113556 124143 126015 127113
1259 1294 1324
4 10
81 84 94 96
29 38 45 48
9509 9555 9662 9926 10409 10544
6 7
58526 60735 72327
25 51 64
15734 16575 16920 17120
13 13 14 14
1097537 1119391 1151893
12 13 14
13411 14199 14421 14598
30423 38062 42424
6 6 6 6 7 7
10 10 11 11 12
15 15
880 910 985 1027 1106 1135
965451 1029360 1108467 1151733 1154985
784 830 871
8 8 9 10
681 891
6399 6761 6976
13 13 13 14
10 10 10 12 12
111 112 122 130 132
13 13 13 14 14
14 15 16
94737 96890 106918 119511 120960
74980 75401 78072 84243 93829 97080
431 536 540 590
94 101 102 103 105
86 119 124
281072 308369 514325 572132 607878
1163204 1179328 1235682 1252051 1360023 1445575
111331 123237 130088
42457 44198 45383 45883 50286
741431 1022789
9 9 9 9 9 10
103 260 457
413 551
486124 647794 657409
677882 685160 739093 812156 839609 924958
65874 67634 74264 76817
725 805 869 969
29772 33191 33864 48986
14 15 15 17 17
287 569
128 130 131 132
5724 8087 8275
103940 104609 109941 112398 113161 122242
1098 1373
91878 105867 107001 109099
1511 1636 1694
669028 678437 712692 730999 741124 753579
1292 1305 1334 1340 1383 1395
16955 17555 17960 18652
1280823 1347800 1355787 1366927
62260 64409 67359
95819 100306 105338 108125
51649 52423 57967 71121
615290 618913
84 86 93 100
5396 6515 9815
54 59 60 61 63 75
15 15 15 16 16
5873 6148 6650
513 633 663
2143 3115 4151
727 729
130971 173936
958 974 994 1008 1072
922602 938955
23539 46223
8549 9689 9937 12075
5846 6600 6625 7357 7553
4331 4988 5837
10 11 11 11 11 11
406874 458398 491974 692676
13 13 14 14 14 15
19 19 19 19 19 19
110373 110384 113605 113795 119115 123569
593549 597001 620845 631692 721676
1035 1039 1039 1064 1136 1216
366 624
58925 60118 60482 66551 66701 68587
866 880 973
21 21 34 34 37 40
54 76
59709 64473 66663 68461
12 12 13 13 13 13
8011 8997
89262 92555 92897 93568 94488 94717
3583 4785 5014
1125 1130 1138 1192 1234 1236
8 9 9 9 10
329173 506902 536913 561608
3173 5024 6547 6676
175002 507664
1158 1276
230 394
13 13 13 14
104 107 121 123
8 10
589 1069
580318 639842 645637 645668 743664
97 105 107 108 108 110
762 798
6829 7071 7574 7607 7961 8027
790953 848607 1118057
62028 62581 63298 63698 66677
9 9 9 9 10
8 9 9 11
54 79
105305 111474 117476 121896
70651 73050 85792
798 1030 1040
44745 48272 50220 71579
1571 1572 1583 1640 1650 1663
1113591 1114359 1162067 1164380 1180638 1209204
4374 4451 6281 6690 7104
66880 70655 71309 72433 76473
88 89 91 103
816672 822346 850462 882475
3 9
87769 92017 97566 106195 112818
322 478 884
40362 109077
6 6 9
61586 63388 64216 65628 66569 70169
40426 54612 68110
5 5 7
31924 38198
4 9
9843 10225 10849
870 887 916 1006 1013 1032
857 978 1037 1050
992088 998404 1014622 1052938
6543 6908 7042 7411 7809 7993
119 134
16 17 17 17 17 17
10 10 10 11 11 11
522 546 551 679 690
534390 716510 772712
404759 525483
8805 9984
6856 7408 8015 8505 8988
138296 167245 217179
154049 155987 156693
8557 9642 9972
1150265 1177483 1260348 1276842
132419 136771 137385 138789 139737
116517 116521 117263 118307 119153
15512 15520 15684 16382
467 479 565
6 8
7 12
8623 8822 9614 10116 10177 10377
66979 70438 90762 95668
4981 6381
